0 0.0
83.000000 0.0017
84.000000 0.0034
85.000000 0.0068
86.000000 0.0220
87.000000 0.0321
88.000000 0.0439
89.000000 0.0743
90.000000 0.0912
91.000000 0.1047
92.000000 0.1824
93.000000 0.1993
94.000000 0.2145
95.000000 0.2331
96.000000 0.2432
97.000000 0.2568
98.000000 0.2686
99.000000 0.2821
100.000000 0.2855
101.000000 0.2922
102.000000 0.2973
103.000000 0.3024
104.000000 0.3074
105.000000 0.3209
106.000000 0.3260
107.000000 0.3277
108.000000 0.3412
109.000000 0.3480
110.000000 0.3598
111.000000 0.3682
112.000000 0.3767
113.000000 0.3818
114.000000 0.3834
115.000000 0.3868
116.000000 0.3936
117.000000 0.3970
118.000000 0.4003
120.000000 0.4088
121.000000 0.4189
122.000000 0.4206
123.000000 0.4257
124.000000 0.4274
126.000000 0.4324
127.000000 0.4459
128.000000 0.4578
129.000000 0.4713
130.000000 0.4814
131.000000 0.4882
132.000000 0.4916
133.000000 0.4932
134.000000 0.5068
135.000000 0.5236
136.000000 0.5270
137.000000 0.5304
138.000000 0.5405
139.000000 0.5524
140.000000 0.5557
141.000000 0.5709
142.000000 0.5794
144.000000 0.5845
145.000000 0.5878
146.000000 0.5895
147.000000 0.5963
148.000000 0.6030
149.000000 0.6081
150.000000 0.6132
151.000000 0.6199
152.000000 0.6233
153.000000 0.6301
154.000000 0.6368
155.000000 0.6436
156.000000 0.6520
157.000000 0.6554
158.000000 0.6672
159.000000 0.6689
160.000000 0.6858
161.000000 0.6926
162.000000 0.7078
163.000000 0.7111
164.000000 0.7179
165.000000 0.7196
166.000000 0.7264
167.000000 0.7280
168.000000 0.7399
169.000000 0.7466
170.000000 0.7635
171.000000 0.7669
172.000000 0.7770
173.000000 0.7872
174.000000 0.7956
175.000000 0.8007
176.000000 0.8057
177.000000 0.8125
179.000000 0.8142
180.000000 0.8159
181.000000 0.8209
182.000000 0.8243
183.000000 0.8311
184.000000 0.8378
185.000000 0.8395
186.000000 0.8463
187.000000 0.8497
188.000000 0.8530
189.000000 0.8547
190.000000 0.8564
191.000000 0.8581
195.000000 0.8632
197.000000 0.8666
199.000000 0.8682
200.000000 0.8699
201.000000 0.8716
203.000000 0.8733
205.000000 0.8767
207.000000 0.8801
208.000000 0.8818
214.000000 0.8834
216.000000 0.8868
219.000000 0.8885
226.000000 0.8902
227.000000 0.8919
232.000000 0.8936
233.000000 0.8953
235.000000 0.8970
236.000000 0.9003
238.000000 0.9020
239.000000 0.9037
240.000000 0.9054
241.000000 0.9071
244.000000 0.9088
246.000000 0.9105
247.000000 0.9122
249.000000 0.9139
251.000000 0.9240
252.000000 0.9257
254.000000 0.9291
257.000000 0.9307
260.000000 0.9324
264.000000 0.9341
270.000000 0.9358
272.000000 0.9392
275.000000 0.9443
276.000000 0.9493
278.000000 0.9527
279.000000 0.9696
281.000000 0.9730
284.000000 0.9797
285.000000 0.9848
287.000000 0.9882
289.000000 0.9899
290.000000 0.9916
304.000000 0.9949
316.000000 0.9966
318.000000 0.9983
394.000000 1.0000
