0 0.0
64.000000 0.0017
67.000000 0.0085
68.000000 0.0102
69.000000 0.0169
70.000000 0.0423
71.000000 0.0880
72.000000 0.1286
73.000000 0.1946
74.000000 0.2572
75.000000 0.3401
76.000000 0.4772
77.000000 0.5313
78.000000 0.5905
79.000000 0.6548
80.000000 0.7107
81.000000 0.7563
82.000000 0.7851
83.000000 0.8190
84.000000 0.8596
85.000000 0.8968
86.000000 0.9120
87.000000 0.9255
88.000000 0.9357
89.000000 0.9475
90.000000 0.9594
91.000000 0.9679
92.000000 0.9746
93.000000 0.9797
94.000000 0.9831
95.000000 0.9848
96.000000 0.9898
97.000000 0.9915
106.000000 0.9932
125.000000 0.9966
132.000000 1.0000
