0 0.0
54.000000 0.6033
56.000000 0.6034
64.000000 0.6034
66.000000 0.6625
67.000000 0.6627
68.000000 0.6627
69.000000 0.6631
70.000000 0.6642
71.000000 0.6658
72.000000 0.6672
73.000000 0.6694
74.000000 0.6812
75.000000 0.6839
76.000000 0.6885
77.000000 0.6904
78.000000 0.6924
79.000000 0.6945
80.000000 0.6964
81.000000 0.6982
82.000000 0.6992
83.000000 0.7003
84.000000 0.7017
85.000000 0.7029
86.000000 0.7034
87.000000 0.7039
88.000000 0.7042
89.000000 0.7046
90.000000 0.7050
91.000000 0.7053
92.000000 0.7055
93.000000 0.7057
94.000000 0.7058
95.000000 0.7059
96.000000 0.7060
97.000000 0.7062
98.000000 0.7496
99.000000 0.7500
100.000000 0.7500
101.000000 0.7505
106.000000 0.7506
110.000000 0.7506
111.000000 0.7507
125.000000 0.7508
132.000000 0.7509
133.000000 0.7511
134.000000 0.7512
140.000000 0.7513
142.000000 0.7513
160.000000 0.7516
176.000000 0.7521
181.000000 0.7522
215.000000 0.7523
218.000000 0.7524
222.000000 0.7524
228.000000 0.7528
230.000000 0.7528
308.000000 0.7529
350.000000 0.7529
371.000000 0.7530
385.000000 0.7530
393.000000 0.7532
402.000000 0.7532
410.000000 0.7533
413.000000 0.7533
414.000000 0.7534
423.000000 0.7534
424.000000 0.7535
427.000000 0.7536
431.000000 0.7536
432.000000 0.7537
433.000000 0.7537
434.000000 0.7538
435.000000 0.7538
436.000000 0.7540
438.000000 0.7540
439.000000 0.7541
440.000000 0.7558
444.000000 0.7559
445.000000 0.7560
446.000000 0.7560
448.000000 0.7561
449.000000 0.7562
453.000000 0.7563
454.000000 0.7567
455.000000 0.7568
456.000000 0.7576
458.000000 0.7580
459.000000 0.7580
460.000000 0.7581
461.000000 0.7610
462.000000 0.7611
464.000000 0.7613
465.000000 0.7617
467.000000 0.7619
468.000000 0.7620
471.000000 0.7621
472.000000 0.7626
474.000000 0.7626
476.000000 0.7628
477.000000 0.7635
479.000000 0.7723
480.000000 0.9781
483.000000 0.9782
484.000000 0.9784
486.000000 0.9785
491.000000 0.9786
493.000000 0.9787
498.000000 0.9788
501.000000 0.9789
511.000000 0.9802
512.000000 0.9803
515.000000 0.9819
528.000000 0.9820
531.000000 0.9820
536.000000 0.9822
537.000000 0.9822
539.000000 0.9826
550.000000 0.9827
556.000000 0.9828
559.000000 0.9829
562.000000 0.9829
568.000000 0.9830
571.000000 0.9831
577.000000 0.9831
579.000000 0.9835
580.000000 0.9836
581.000000 0.9837
584.000000 0.9837
587.000000 0.9838
590.000000 0.9839
591.000000 0.9839
598.000000 0.9840
604.000000 0.9840
605.000000 0.9841
606.000000 0.9841
607.000000 0.9844
608.000000 0.9844
610.000000 0.9845
611.000000 0.9846
617.000000 0.9846
626.000000 0.9847
627.000000 0.9849
631.000000 0.9857
634.000000 0.9858
645.000000 0.9858
650.000000 0.9859
653.000000 0.9861
670.000000 0.9862
677.000000 0.9867
679.000000 0.9868
685.000000 0.9869
691.000000 0.9869
709.000000 0.9870
711.000000 0.9871
714.000000 0.9872
721.000000 0.9873
727.000000 0.9873
728.000000 0.9874
729.000000 0.9875
730.000000 0.9878
731.000000 0.9879
734.000000 0.9879
736.000000 0.9880
741.000000 0.9880
742.000000 0.9881
743.000000 0.9882
744.000000 0.9882
745.000000 0.9883
746.000000 0.9884
747.000000 0.9888
748.000000 0.9889
749.000000 0.9890
752.000000 0.9891
753.000000 0.9891
756.000000 0.9892
762.000000 0.9895
766.000000 0.9896
768.000000 0.9899
769.000000 0.9899
773.000000 0.9900
778.000000 0.9900
781.000000 0.9901
782.000000 0.9902
783.000000 0.9903
784.000000 0.9904
786.000000 0.9904
791.000000 0.9905
793.000000 0.9905
799.000000 0.9906
802.000000 0.9907
804.000000 0.9908
806.000000 0.9908
810.000000 0.9910
815.000000 0.9914
821.000000 0.9914
822.000000 0.9915
825.000000 0.9916
826.000000 0.9918
827.000000 0.9921
829.000000 0.9921
833.000000 0.9922
845.000000 0.9922
856.000000 0.9923
879.000000 0.9924
885.000000 0.9924
888.000000 0.9925
896.000000 0.9926
898.000000 0.9926
905.000000 0.9927
909.000000 0.9927
919.000000 0.9928
921.000000 0.9929
936.000000 0.9929
940.000000 0.9930
942.000000 0.9930
952.000000 0.9931
957.000000 0.9931
968.000000 0.9934
971.000000 0.9934
1017.000000 0.9935
1021.000000 0.9935
1029.000000 0.9936
1045.000000 0.9937
1134.000000 0.9937
1149.000000 0.9938
1233.000000 0.9938
1241.000000 0.9939
1248.000000 0.9939
1249.000000 0.9940
1255.000000 0.9941
1259.000000 0.9942
1260.000000 0.9944
1261.000000 0.9945
1262.000000 0.9946
1263.000000 0.9947
1264.000000 0.9948
1265.000000 0.9950
1272.000000 0.9950
1276.000000 0.9951
1279.000000 0.9952
1281.000000 0.9952
1287.000000 0.9954
1288.000000 0.9954
1291.000000 0.9955
1301.000000 0.9956
1315.000000 0.9956
1320.000000 0.9957
1322.000000 0.9958
1328.000000 0.9958
1329.000000 0.9959
1349.000000 0.9959
1414.000000 0.9960
1415.000000 0.9961
1438.000000 0.9962
1475.000000 0.9963
1495.000000 0.9963
1496.000000 0.9968
1497.000000 0.9969
1500.000000 0.9969
1504.000000 0.9970
1512.000000 0.9971
1514.000000 1.0000
