0 0.0
60.000000 0.0350
61.000000 0.0350
62.000000 0.0350
63.000000 0.0351
66.000000 0.0351
70.000000 0.0351
71.000000 0.0352
74.000000 0.0352
75.000000 0.0352
79.000000 0.0352
82.000000 0.0353
84.000000 0.0353
90.000000 0.0353
100.000000 0.0354
112.000000 0.0354
113.000000 0.0354
116.000000 0.0355
124.000000 0.0355
127.000000 0.0355
128.000000 0.0355
138.000000 0.0356
141.000000 0.0356
162.000000 0.0356
163.000000 0.0357
166.000000 0.0357
180.000000 0.0357
194.000000 0.0363
206.000000 0.0363
209.000000 0.0363
216.000000 0.0364
218.000000 0.0379
222.000000 0.0380
223.000000 0.0381
229.000000 0.0381
235.000000 0.0382
239.000000 0.0382
240.000000 0.0382
241.000000 0.0383
243.000000 0.0384
244.000000 0.0385
245.000000 0.0390
259.000000 0.0390
265.000000 0.0391
268.000000 0.0391
271.000000 0.0391
274.000000 0.0392
281.000000 0.0392
288.000000 0.0392
298.000000 0.0393
300.000000 0.0393
301.000000 0.0394
310.000000 0.0394
320.000000 0.0394
324.000000 0.0395
332.000000 0.0395
335.000000 0.0395
341.000000 0.0396
346.000000 0.0401
350.000000 0.0401
366.000000 0.0401
367.000000 0.0402
369.000000 0.0402
371.000000 0.0402
377.000000 0.0405
381.000000 0.0405
384.000000 0.0405
386.000000 0.0406
388.000000 0.0406
402.000000 0.0406
408.000000 0.0407
409.000000 0.0407
410.000000 0.0410
411.000000 0.0410
412.000000 0.0415
413.000000 0.0416
414.000000 0.0416
415.000000 0.0416
421.000000 0.0417
429.000000 0.0425
434.000000 0.0425
442.000000 0.0428
443.000000 0.0428
445.000000 0.0429
446.000000 0.0429
447.000000 0.0430
455.000000 0.0433
464.000000 0.0434
468.000000 0.0434
470.000000 0.0434
471.000000 0.0434
476.000000 0.0435
479.000000 0.0435
483.000000 0.0436
495.000000 0.0448
501.000000 0.0448
512.000000 0.0448
517.000000 0.0448
518.000000 0.0449
519.000000 0.0449
520.000000 0.0450
521.000000 0.0450
525.000000 0.0450
530.000000 0.0450
532.000000 0.0451
540.000000 0.0451
543.000000 0.0451
546.000000 0.0451
549.000000 0.0452
550.000000 0.0452
556.000000 0.0453
561.000000 0.0453
562.000000 0.0453
566.000000 0.0453
567.000000 0.0454
568.000000 0.0454
569.000000 0.0454
570.000000 0.0454
571.000000 0.0455
583.000000 0.0455
588.000000 0.0455
591.000000 0.0456
605.000000 0.0458
612.000000 0.0459
614.000000 0.0460
617.000000 0.0460
620.000000 0.0460
622.000000 0.0461
624.000000 0.0461
636.000000 0.0461
641.000000 0.0462
643.000000 0.0462
651.000000 0.0462
656.000000 0.0463
666.000000 0.0463
670.000000 0.0463
671.000000 0.0463
674.000000 0.0464
678.000000 0.0465
679.000000 0.0465
680.000000 0.0465
686.000000 0.0466
688.000000 0.0466
691.000000 0.0467
696.000000 0.0467
702.000000 0.0468
720.000000 0.0468
722.000000 0.0468
726.000000 0.0468
731.000000 0.0469
732.000000 0.0469
740.000000 0.0469
742.000000 0.0469
743.000000 0.0470
752.000000 0.0470
753.000000 0.0471
755.000000 0.0471
757.000000 0.0471
765.000000 0.0472
767.000000 0.0472
778.000000 0.0472
779.000000 0.0472
795.000000 0.0473
796.000000 0.0473
801.000000 0.0474
803.000000 0.0474
804.000000 0.0474
808.000000 0.0475
826.000000 0.0475
828.000000 0.0476
829.000000 0.0477
833.000000 0.0477
835.000000 0.0477
836.000000 0.0478
838.000000 0.0478
843.000000 0.0479
844.000000 0.0479
846.000000 0.0480
850.000000 0.0480
852.000000 0.0480
853.000000 0.0480
856.000000 0.0481
860.000000 0.0481
862.000000 0.0481
863.000000 0.0482
867.000000 0.0482
871.000000 0.0483
873.000000 0.0483
874.000000 0.0483
875.000000 0.0484
884.000000 0.0484
887.000000 0.0484
892.000000 0.0485
894.000000 0.0485
897.000000 0.0485
901.000000 0.0486
902.000000 0.0486
903.000000 0.0486
904.000000 0.0486
905.000000 0.0488
906.000000 0.0488
908.000000 0.0489
910.000000 0.0489
921.000000 0.0489
930.000000 0.0532
932.000000 0.0532
933.000000 0.0532
940.000000 0.0533
946.000000 0.0533
952.000000 0.0533
955.000000 0.0534
967.000000 0.0534
975.000000 0.0534
976.000000 0.0535
992.000000 0.0536
994.000000 0.0536
998.000000 0.0537
1013.000000 0.0537
1019.000000 0.0537
1020.000000 0.0538
1022.000000 0.0538
1024.000000 0.0538
1025.000000 0.0538
1028.000000 0.0539
1036.000000 0.0540
1046.000000 0.0540
1054.000000 0.0540
1056.000000 0.0541
1062.000000 0.0541
1073.000000 0.0541
1082.000000 0.0542
1092.000000 0.0542
1093.000000 0.0542
1094.000000 0.0543
1103.000000 0.0543
1104.000000 0.0543
1109.000000 0.0544
1110.000000 0.0544
1114.000000 0.0544
1115.000000 0.0544
1118.000000 0.0545
1119.000000 0.0545
1122.000000 0.0545
1123.000000 0.0546
1125.000000 0.0546
1127.000000 0.0546
1131.000000 0.0547
1132.000000 0.0547
1136.000000 0.0547
1138.000000 0.0547
1141.000000 0.0548
1142.000000 0.0548
1144.000000 0.0548
1150.000000 0.0549
1152.000000 0.0549
1153.000000 0.0549
1156.000000 0.0550
1158.000000 0.0550
1160.000000 0.0550
1162.000000 0.0551
1168.000000 0.0551
1170.000000 0.0551
1175.000000 0.0552
1176.000000 0.0552
1184.000000 0.0552
1185.000000 0.0552
1195.000000 0.0553
1201.000000 0.0553
1204.000000 0.0553
1207.000000 0.0553
1210.000000 0.0556
1216.000000 0.0556
1218.000000 0.0556
1225.000000 0.0556
1227.000000 0.0557
1231.000000 0.0557
1244.000000 0.0557
1262.000000 0.0558
1263.000000 0.0558
1269.000000 0.0558
1273.000000 0.0559
1274.000000 0.0559
1280.000000 0.0560
1282.000000 0.0560
1292.000000 0.0560
1297.000000 0.0561
1304.000000 0.0562
1310.000000 0.0562
1311.000000 0.0563
1315.000000 0.0563
1316.000000 0.0563
1317.000000 0.0564
1318.000000 0.0566
1319.000000 0.0566
1325.000000 0.0566
1331.000000 0.0567
1334.000000 0.0567
1337.000000 0.0567
1342.000000 0.0568
1344.000000 0.0568
1346.000000 0.0569
1347.000000 0.0569
1348.000000 0.0570
1349.000000 0.0570
1350.000000 0.0572
1352.000000 0.0573
1353.000000 0.0573
1354.000000 0.0575
1355.000000 0.0575
1357.000000 0.0576
1362.000000 0.0576
1378.000000 0.0576
1380.000000 0.0577
1381.000000 0.0578
1382.000000 0.0578
1383.000000 0.0579
1388.000000 0.0585
1390.000000 0.0585
1395.000000 0.0585
1397.000000 0.0586
1404.000000 0.0586
1406.000000 0.0587
1413.000000 0.0587
1417.000000 0.0587
1419.000000 0.0587
1430.000000 0.0688
1434.000000 0.0688
1435.000000 0.0688
1439.000000 0.0688
1447.000000 0.0689
1452.000000 0.0689
1453.000000 0.0689
1456.000000 0.0690
1457.000000 0.0692
1472.000000 0.0865
1490.000000 0.0865
1491.000000 0.0865
1493.000000 0.0866
1495.000000 0.0866
1500.000000 0.0866
1501.000000 0.0867
1502.000000 0.0867
1506.000000 0.0868
1507.000000 0.0868
1508.000000 0.0868
1509.000000 0.0869
1510.000000 0.0870
1511.000000 0.0873
1512.000000 0.0879
1513.000000 0.0930
1514.000000 1.0000
