0 0.0
54.000000 0.8533
56.000000 0.8534
66.000000 0.9379
69.000000 0.9381
70.000000 0.9384
71.000000 0.9385
74.000000 0.9515
77.000000 0.9515
97.000000 0.9517
99.000000 0.9523
100.000000 0.9524
101.000000 0.9530
110.000000 0.9531
111.000000 0.9532
132.000000 0.9532
133.000000 0.9535
134.000000 0.9537
140.000000 0.9537
142.000000 0.9538
160.000000 0.9541
181.000000 0.9543
215.000000 0.9545
308.000000 0.9545
350.000000 0.9546
371.000000 0.9547
385.000000 0.9548
393.000000 0.9550
402.000000 0.9550
410.000000 0.9551
413.000000 0.9552
423.000000 0.9553
424.000000 0.9554
427.000000 0.9554
431.000000 0.9555
432.000000 0.9556
433.000000 0.9557
435.000000 0.9558
436.000000 0.9559
438.000000 0.9560
439.000000 0.9561
440.000000 0.9586
444.000000 0.9587
445.000000 0.9588
446.000000 0.9589
448.000000 0.9590
449.000000 0.9592
453.000000 0.9592
454.000000 0.9599
455.000000 0.9601
456.000000 0.9612
458.000000 0.9617
459.000000 0.9618
460.000000 0.9618
461.000000 0.9661
462.000000 0.9662
464.000000 0.9665
465.000000 0.9670
467.000000 0.9673
468.000000 0.9674
471.000000 0.9675
472.000000 0.9682
474.000000 0.9683
476.000000 0.9686
477.000000 0.9695
480.000000 0.9699
483.000000 0.9699
484.000000 0.9702
486.000000 0.9703
491.000000 0.9706
493.000000 0.9707
498.000000 0.9708
501.000000 0.9709
511.000000 0.9729
512.000000 0.9730
515.000000 0.9752
528.000000 0.9754
531.000000 0.9754
536.000000 0.9756
537.000000 0.9757
550.000000 0.9758
556.000000 0.9759
559.000000 0.9760
562.000000 0.9761
568.000000 0.9762
571.000000 0.9763
577.000000 0.9763
579.000000 0.9769
580.000000 0.9770
581.000000 0.9772
584.000000 0.9772
587.000000 0.9773
590.000000 0.9774
591.000000 0.9775
598.000000 0.9776
604.000000 0.9776
605.000000 0.9777
606.000000 0.9778
607.000000 0.9781
608.000000 0.9782
610.000000 0.9783
611.000000 0.9784
617.000000 0.9785
626.000000 0.9786
627.000000 0.9789
631.000000 0.9800
634.000000 0.9801
645.000000 0.9802
650.000000 0.9803
653.000000 0.9806
670.000000 0.9807
677.000000 0.9815
679.000000 0.9816
685.000000 0.9817
691.000000 0.9818
709.000000 0.9819
711.000000 0.9821
714.000000 0.9822
721.000000 0.9823
727.000000 0.9823
728.000000 0.9824
729.000000 0.9826
730.000000 0.9830
731.000000 0.9831
734.000000 0.9832
736.000000 0.9833
741.000000 0.9834
742.000000 0.9835
743.000000 0.9836
744.000000 0.9836
745.000000 0.9838
746.000000 0.9840
747.000000 0.9845
748.000000 0.9846
749.000000 0.9847
752.000000 0.9848
753.000000 0.9849
756.000000 0.9850
762.000000 0.9854
766.000000 0.9856
768.000000 0.9860
769.000000 0.9861
773.000000 0.9861
778.000000 0.9862
781.000000 0.9863
782.000000 0.9865
783.000000 0.9866
784.000000 0.9867
786.000000 0.9868
791.000000 0.9869
793.000000 0.9870
802.000000 0.9870
804.000000 0.9872
806.000000 0.9873
810.000000 0.9876
815.000000 0.9881
821.000000 0.9882
822.000000 0.9883
825.000000 0.9883
826.000000 0.9887
827.000000 0.9891
829.000000 0.9891
845.000000 0.9892
856.000000 0.9893
879.000000 0.9894
885.000000 0.9895
888.000000 0.9896
898.000000 0.9897
905.000000 0.9898
909.000000 0.9899
919.000000 0.9900
921.000000 0.9900
936.000000 0.9901
940.000000 0.9902
942.000000 0.9903
952.000000 0.9904
957.000000 0.9904
968.000000 0.9908
971.000000 0.9908
1017.000000 0.9909
1021.000000 0.9910
1029.000000 0.9911
1233.000000 0.9912
1241.000000 0.9912
1248.000000 0.9913
1249.000000 0.9914
1255.000000 0.9915
1259.000000 0.9917
1260.000000 0.9921
1261.000000 0.9921
1262.000000 0.9923
1263.000000 0.9925
1264.000000 0.9926
1265.000000 0.9928
1272.000000 0.9929
1276.000000 0.9930
1279.000000 0.9931
1281.000000 0.9932
1287.000000 0.9934
1288.000000 0.9934
1291.000000 0.9935
1301.000000 0.9937
1315.000000 0.9938
1320.000000 0.9938
1322.000000 0.9939
1328.000000 0.9940
1329.000000 0.9941
1349.000000 0.9942
1414.000000 0.9942
1415.000000 0.9944
1438.000000 0.9946
1475.000000 0.9947
1495.000000 0.9947
1496.000000 0.9954
1497.000000 0.9955
1500.000000 0.9956
1504.000000 0.9957
1512.000000 0.9958
1514.000000 1.0000
