0 0.0
60.000000 0.0352
61.000000 0.0353
62.000000 0.0353
63.000000 0.0353
66.000000 0.0354
70.000000 0.0355
71.000000 0.0355
72.000000 0.0355
74.000000 0.0355
75.000000 0.0356
78.000000 0.0356
79.000000 0.0356
82.000000 0.0356
83.000000 0.0357
84.000000 0.0385
85.000000 0.0385
86.000000 0.0427
87.000000 0.0428
88.000000 0.0431
89.000000 0.0438
90.000000 0.0443
91.000000 0.0445
92.000000 0.0457
93.000000 0.0464
94.000000 0.0467
95.000000 0.0470
96.000000 0.0471
97.000000 0.0473
98.000000 0.0475
99.000000 0.0478
100.000000 0.0479
101.000000 0.0480
102.000000 0.0481
103.000000 0.0482
104.000000 0.0482
105.000000 0.0485
106.000000 0.0485
107.000000 0.0486
108.000000 0.0488
109.000000 0.0489
110.000000 0.0491
111.000000 0.0492
112.000000 0.0494
113.000000 0.0495
114.000000 0.0495
115.000000 0.0496
116.000000 0.0498
117.000000 0.0498
118.000000 0.0499
120.000000 0.0500
121.000000 0.0502
122.000000 0.0502
123.000000 0.0503
124.000000 0.0504
126.000000 0.0505
127.000000 0.0507
128.000000 0.0509
129.000000 0.0511
130.000000 0.0513
131.000000 0.0514
132.000000 0.0515
133.000000 0.0515
134.000000 0.0525
135.000000 0.0527
136.000000 0.0528
137.000000 0.0528
138.000000 0.0531
139.000000 0.0533
140.000000 0.0533
141.000000 0.0536
142.000000 0.0538
144.000000 0.0538
145.000000 0.0541
146.000000 0.0543
147.000000 0.0548
148.000000 0.0556
149.000000 0.0557
150.000000 0.0560
151.000000 0.0564
152.000000 0.0565
153.000000 0.0570
154.000000 0.0572
155.000000 0.0573
156.000000 0.0577
157.000000 0.0579
158.000000 0.0581
159.000000 0.0582
160.000000 0.0591
161.000000 0.0592
162.000000 0.0594
163.000000 0.0595
164.000000 0.0596
165.000000 0.0597
166.000000 0.0598
167.000000 0.0598
168.000000 0.0600
169.000000 0.0601
170.000000 0.0604
171.000000 0.0604
172.000000 0.0606
173.000000 0.0608
174.000000 0.0609
175.000000 0.0610
176.000000 0.0611
177.000000 0.0612
179.000000 0.0615
180.000000 0.0617
181.000000 0.0621
182.000000 0.0621
183.000000 0.0623
184.000000 0.0624
185.000000 0.0624
186.000000 0.0625
187.000000 0.0626
188.000000 0.0626
189.000000 0.0627
190.000000 0.0627
191.000000 0.0627
194.000000 0.0632
195.000000 0.0633
196.000000 0.0633
197.000000 0.0634
198.000000 0.0634
199.000000 0.0635
200.000000 0.0636
201.000000 0.0636
203.000000 0.0636
205.000000 0.0637
206.000000 0.0637
207.000000 0.0637
208.000000 0.0639
209.000000 0.0639
210.000000 0.0640
214.000000 0.0640
216.000000 0.0641
218.000000 0.0656
219.000000 0.0656
222.000000 0.0658
223.000000 0.0658
226.000000 0.0658
227.000000 0.0658
228.000000 0.0659
229.000000 0.0659
232.000000 0.0659
233.000000 0.0660
235.000000 0.0661
236.000000 0.0661
238.000000 0.0661
239.000000 0.0662
240.000000 0.0662
241.000000 0.0664
243.000000 0.0664
244.000000 0.0666
245.000000 0.0671
246.000000 0.0671
247.000000 0.0672
249.000000 0.0672
251.000000 0.0673
252.000000 0.0674
254.000000 0.0674
255.000000 0.0674
257.000000 0.0675
259.000000 0.0675
260.000000 0.0675
264.000000 0.0676
265.000000 0.0676
268.000000 0.0676
270.000000 0.0677
271.000000 0.0677
272.000000 0.0677
274.000000 0.0678
275.000000 0.0678
276.000000 0.0679
278.000000 0.0680
279.000000 0.0682
280.000000 0.0683
281.000000 0.0684
283.000000 0.0684
284.000000 0.0685
285.000000 0.0686
287.000000 0.0686
288.000000 0.0687
289.000000 0.0687
290.000000 0.0687
296.000000 0.0689
298.000000 0.0689
300.000000 0.0690
301.000000 0.0690
304.000000 0.0691
310.000000 0.0691
316.000000 0.0692
318.000000 0.0692
320.000000 0.0692
324.000000 0.0692
332.000000 0.0693
335.000000 0.0693
341.000000 0.0694
346.000000 0.0699
350.000000 0.0699
364.000000 0.0700
366.000000 0.0700
367.000000 0.0700
369.000000 0.0700
371.000000 0.0701
377.000000 0.0703
381.000000 0.0703
384.000000 0.0704
386.000000 0.0704
388.000000 0.0705
394.000000 0.0705
402.000000 0.0706
408.000000 0.0706
409.000000 0.0707
410.000000 0.0709
411.000000 0.0710
412.000000 0.0715
413.000000 0.0715
414.000000 0.0715
415.000000 0.0716
421.000000 0.0716
423.000000 0.0716
429.000000 0.0724
433.000000 0.0724
434.000000 0.0724
442.000000 0.0727
443.000000 0.0728
445.000000 0.0729
446.000000 0.0729
447.000000 0.0729
455.000000 0.0733
464.000000 0.0733
467.000000 0.0733
468.000000 0.0734
470.000000 0.0734
471.000000 0.0734
476.000000 0.0734
479.000000 0.0735
483.000000 0.0735
486.000000 0.0735
490.000000 0.0736
495.000000 0.0747
501.000000 0.0748
505.000000 0.0748
512.000000 0.0749
514.000000 0.0749
516.000000 0.0750
517.000000 0.0750
518.000000 0.0750
519.000000 0.0751
520.000000 0.0752
521.000000 0.0752
525.000000 0.0752
530.000000 0.0752
532.000000 0.0753
540.000000 0.0753
543.000000 0.0753
546.000000 0.0753
548.000000 0.0755
549.000000 0.0755
550.000000 0.0756
556.000000 0.0756
561.000000 0.0757
562.000000 0.0758
566.000000 0.0758
567.000000 0.0758
568.000000 0.0758
569.000000 0.0759
570.000000 0.0760
571.000000 0.0760
583.000000 0.0760
588.000000 0.0760
591.000000 0.0761
605.000000 0.0763
612.000000 0.0764
614.000000 0.0765
617.000000 0.0765
620.000000 0.0765
621.000000 0.0766
622.000000 0.0766
624.000000 0.0766
636.000000 0.0767
641.000000 0.0767
643.000000 0.0767
651.000000 0.0768
656.000000 0.0768
660.000000 0.0768
666.000000 0.0768
670.000000 0.0769
671.000000 0.0769
674.000000 0.0769
678.000000 0.0770
679.000000 0.0770
680.000000 0.0771
686.000000 0.0772
687.000000 0.0772
688.000000 0.0772
691.000000 0.0773
696.000000 0.0773
702.000000 0.0773
720.000000 0.0774
722.000000 0.0774
724.000000 0.0774
726.000000 0.0774
731.000000 0.0775
732.000000 0.0775
740.000000 0.0775
742.000000 0.0775
743.000000 0.0776
752.000000 0.0776
753.000000 0.0777
755.000000 0.0777
757.000000 0.0777
765.000000 0.0778
767.000000 0.0778
770.000000 0.0779
778.000000 0.0779
779.000000 0.0780
795.000000 0.0780
796.000000 0.0780
801.000000 0.0781
803.000000 0.0781
804.000000 0.0782
808.000000 0.0782
826.000000 0.0783
828.000000 0.0783
829.000000 0.0784
833.000000 0.0784
835.000000 0.0784
836.000000 0.0785
838.000000 0.0785
843.000000 0.0786
844.000000 0.0786
846.000000 0.0787
847.000000 0.0787
850.000000 0.0787
852.000000 0.0787
853.000000 0.0788
856.000000 0.0788
860.000000 0.0788
862.000000 0.0789
863.000000 0.0789
867.000000 0.0789
871.000000 0.0790
873.000000 0.0790
874.000000 0.0790
875.000000 0.0791
884.000000 0.0791
887.000000 0.0791
888.000000 0.0792
892.000000 0.0792
894.000000 0.0792
897.000000 0.0793
898.000000 0.0793
901.000000 0.0793
902.000000 0.0793
903.000000 0.0794
904.000000 0.0794
905.000000 0.0795
906.000000 0.0796
908.000000 0.0796
910.000000 0.0796
915.000000 0.0797
917.000000 0.0797
921.000000 0.0798
930.000000 0.0838
932.000000 0.0839
933.000000 0.0839
940.000000 0.0839
946.000000 0.0840
948.000000 0.0840
952.000000 0.0840
955.000000 0.0840
967.000000 0.0841
975.000000 0.0841
976.000000 0.0841
992.000000 0.0843
994.000000 0.0843
998.000000 0.0843
1013.000000 0.0844
1019.000000 0.0844
1020.000000 0.0844
1022.000000 0.0845
1024.000000 0.0845
1025.000000 0.0845
1028.000000 0.0846
1030.000000 0.0846
1034.000000 0.0846
1036.000000 0.0847
1046.000000 0.0847
1054.000000 0.0847
1056.000000 0.0848
1062.000000 0.0848
1073.000000 0.0848
1082.000000 0.0849
1092.000000 0.0849
1093.000000 0.0849
1094.000000 0.0850
1103.000000 0.0850
1104.000000 0.0851
1109.000000 0.0851
1110.000000 0.0851
1114.000000 0.0851
1115.000000 0.0852
1118.000000 0.0852
1119.000000 0.0852
1122.000000 0.0853
1123.000000 0.0853
1125.000000 0.0853
1127.000000 0.0854
1131.000000 0.0854
1132.000000 0.0854
1136.000000 0.0855
1138.000000 0.0855
1141.000000 0.0855
1142.000000 0.0855
1144.000000 0.0856
1150.000000 0.0856
1152.000000 0.0856
1153.000000 0.0856
1156.000000 0.0857
1158.000000 0.0858
1160.000000 0.0858
1162.000000 0.0858
1168.000000 0.0858
1170.000000 0.0859
1175.000000 0.0859
1176.000000 0.0859
1184.000000 0.0859
1185.000000 0.0860
1195.000000 0.0860
1201.000000 0.0860
1204.000000 0.0860
1207.000000 0.0861
1210.000000 0.0863
1216.000000 0.0863
1218.000000 0.0863
1225.000000 0.0864
1227.000000 0.0864
1231.000000 0.0864
1244.000000 0.0865
1262.000000 0.0865
1263.000000 0.0865
1269.000000 0.0865
1273.000000 0.0866
1274.000000 0.0867
1280.000000 0.0867
1282.000000 0.0867
1292.000000 0.0868
1294.000000 0.0868
1297.000000 0.0868
1304.000000 0.0869
1310.000000 0.0869
1311.000000 0.0870
1315.000000 0.0870
1316.000000 0.0871
1317.000000 0.0872
1318.000000 0.0873
1319.000000 0.0873
1325.000000 0.0874
1331.000000 0.0874
1334.000000 0.0874
1337.000000 0.0874
1342.000000 0.0875
1344.000000 0.0875
1346.000000 0.0876
1347.000000 0.0876
1348.000000 0.0877
1349.000000 0.0877
1350.000000 0.0879
1352.000000 0.0880
1353.000000 0.0880
1354.000000 0.0882
1355.000000 0.0882
1357.000000 0.0883
1362.000000 0.0883
1378.000000 0.0883
1380.000000 0.0884
1381.000000 0.0884
1382.000000 0.0885
1383.000000 0.0886
1388.000000 0.0893
1390.000000 0.0893
1395.000000 0.0893
1397.000000 0.0894
1404.000000 0.0894
1406.000000 0.0894
1413.000000 0.0895
1417.000000 0.0895
1419.000000 0.0895
1430.000000 0.1002
1434.000000 0.1002
1435.000000 0.1002
1439.000000 0.1002
1447.000000 0.1003
1452.000000 0.1003
1453.000000 0.1003
1456.000000 0.1004
1457.000000 0.1006
1472.000000 0.1177
1490.000000 0.1177
1491.000000 0.1178
1493.000000 0.1178
1495.000000 0.1178
1500.000000 0.1178
1501.000000 0.1179
1502.000000 0.1180
1506.000000 0.1180
1507.000000 0.1180
1508.000000 0.1181
1509.000000 0.1181
1510.000000 0.1182
1511.000000 0.1185
1512.000000 0.1191
1513.000000 0.1240
1514.000000 1.0000
