0 0.0
0.000000 0.0005
0.000006 0.0011
0.000007 0.0042
0.000008 0.0106
0.000009 0.0191
0.000010 0.0292
0.000011 0.0404
0.000012 0.0531
0.000013 0.0637
0.000014 0.0828
0.000015 0.0988
0.000016 0.1083
0.000017 0.1206
0.000018 0.1243
0.000019 0.1301
0.000020 0.1407
0.000021 0.1540
0.000022 0.1646
0.000023 0.1699
0.000024 0.1779
0.000025 0.1864
0.000026 0.1896
0.000027 0.1960
0.000028 0.2007
0.000029 0.2045
0.000030 0.2066
0.000031 0.2087
0.000032 0.2130
0.000033 0.2161
0.000034 0.2199
0.000035 0.2230
0.000036 0.2257
0.000037 0.2284
0.000038 0.2310
0.000039 0.2321
0.000040 0.2337
0.000041 0.2358
0.000042 0.2369
0.000043 0.2390
0.000044 0.2400
0.000045 0.2427
0.000046 0.2432
0.000047 0.2438
0.000048 0.2448
0.000049 0.2459
0.000050 0.2469
0.000051 0.2475
0.000052 0.2485
0.000053 0.2491
0.000054 0.2512
0.000055 0.2528
0.000056 0.2539
0.000058 0.2544
0.000060 0.2549
0.000062 0.2554
0.000064 0.2560
0.000065 0.2565
0.000070 0.2570
0.000078 0.2581
0.000079 0.2592
0.000081 0.2597
0.000082 0.2608
0.000083 0.2613
0.000084 0.2618
0.000085 0.2623
0.000088 0.2629
0.000090 0.2639
0.000091 0.2645
0.000092 0.2650
0.000093 0.2671
0.000094 0.2693
0.000095 0.2698
0.000096 0.2708
0.000098 0.2719
0.000099 0.2735
0.000100 0.2751
0.000101 0.2783
0.000103 0.2799
0.000105 0.2804
0.000106 0.2809
0.000110 0.2815
0.000111 0.2820
0.000113 0.2841
0.000114 0.2878
0.000115 0.2995
0.000116 0.3139
0.000117 0.3229
0.000118 0.3298
0.000119 0.3324
0.000120 0.3431
0.000121 0.3659
0.000122 0.4238
0.000123 0.5401
0.000124 0.5773
0.000125 0.5879
0.000126 0.5959
0.000127 0.6091
0.000128 0.6208
0.000129 0.6283
0.000130 0.6490
0.000131 0.6729
0.000132 0.6798
0.000133 0.6840
0.000134 0.6861
0.000135 0.6888
0.000136 0.6904
0.000137 0.6914
0.000138 0.6925
0.000139 0.6930
0.000140 0.6957
0.000141 0.6973
0.000142 0.6994
0.000143 0.7042
0.000144 0.7069
0.000145 0.7079
0.000146 0.7090
0.000147 0.7100
0.000148 0.7106
0.000150 0.7122
0.000152 0.7132
0.000153 0.7138
0.000154 0.7143
0.000155 0.7148
0.000158 0.7153
0.000160 0.7169
0.000161 0.7180
0.000162 0.7191
0.000163 0.7196
0.000164 0.7201
0.000165 0.7207
0.000167 0.7212
0.000168 0.7223
0.000169 0.7233
0.000170 0.7244
0.000171 0.7254
0.000172 0.7260
0.000173 0.7265
0.000174 0.7270
0.000176 0.7286
0.000177 0.7307
0.000179 0.7318
0.000180 0.7323
0.000181 0.7334
0.000182 0.7350
0.000183 0.7371
0.000184 0.7392
0.000185 0.7419
0.000186 0.7435
0.000187 0.7483
0.000188 0.7525
0.000189 0.7541
0.000190 0.7568
0.000191 0.7600
0.000192 0.7626
0.000193 0.7653
0.000194 0.7685
0.000195 0.7706
0.000196 0.7738
0.000197 0.7770
0.000198 0.7801
0.000199 0.7839
0.000200 0.7876
0.000201 0.7908
0.000202 0.7934
0.000203 0.7955
0.000204 0.7998
0.000205 0.8083
0.000206 0.8131
0.000207 0.8152
0.000208 0.8168
0.000209 0.8189
0.000210 0.8237
0.000211 0.8263
0.000212 0.8311
0.000213 0.8343
0.000214 0.8359
0.000215 0.8370
0.000216 0.8433
0.000217 0.8471
0.000218 0.8513
0.000219 0.8529
0.000220 0.8593
0.000221 0.8662
0.000222 0.8704
0.000223 0.8805
0.000224 0.8869
0.000225 0.8964
0.000226 0.9018
0.000227 0.9092
0.000228 0.9134
0.000229 0.9182
0.000230 0.9193
0.000231 0.9235
0.000232 0.9278
0.000234 0.9299
0.000235 0.9310
0.000236 0.9315
0.000237 0.9326
0.000238 0.9336
0.000239 0.9341
0.000242 0.9347
0.000251 0.9352
0.000286 0.9357
0.000325 0.9363
0.000518 0.9368
0.000535 0.9373
0.000558 0.9379
0.000567 0.9384
0.001005 0.9389
0.001161 0.9395
0.001260 0.9400
0.001577 0.9405
0.001638 0.9411
0.002040 0.9416
0.002865 0.9421
0.002908 0.9426
0.003054 0.9432
0.003134 0.9437
0.003286 0.9442
0.003433 0.9448
0.004281 0.9453
0.005261 0.9458
0.005812 0.9464
0.006005 0.9469
0.006233 0.9474
0.006546 0.9480
0.006906 0.9485
0.007017 0.9490
0.007365 0.9495
0.007751 0.9501
0.008425 0.9506
0.008510 0.9511
0.008733 0.9517
0.008737 0.9522
0.009407 0.9527
0.009461 0.9533
0.009588 0.9538
0.009626 0.9543
0.009710 0.9549
0.009900 0.9554
0.010086 0.9559
0.010169 0.9565
0.010263 0.9570
0.010342 0.9575
0.010630 0.9580
0.010681 0.9586
0.010928 0.9591
0.010979 0.9596
0.011367 0.9602
0.011455 0.9607
0.011593 0.9612
0.011732 0.9618
0.011837 0.9623
0.012420 0.9628
0.012480 0.9634
0.012576 0.9639
0.012603 0.9644
0.012697 0.9649
0.012698 0.9655
0.012881 0.9660
0.013109 0.9665
0.013198 0.9671
0.013376 0.9676
0.013677 0.9681
0.013681 0.9687
0.014146 0.9692
0.014227 0.9697
0.014393 0.9703
0.014536 0.9708
0.014610 0.9713
0.015597 0.9719
0.016413 0.9724
0.017811 0.9729
0.017862 0.9734
0.020397 0.9740
0.021060 0.9745
0.023578 0.9750
0.026577 0.9756
0.026661 0.9761
0.029675 0.9766
0.029766 0.9772
0.029953 0.9777
0.030691 0.9782
0.034282 0.9788
0.034300 0.9793
0.034340 0.9798
0.034831 0.9804
0.037281 0.9809
0.037860 0.9814
0.038521 0.9819
0.040989 0.9825
0.042474 0.9830
0.043686 0.9835
0.044779 0.9841
0.051104 0.9846
0.059484 0.9851
0.059801 0.9857
0.083498 0.9862
0.096482 0.9867
0.099196 0.9873
0.099426 0.9878
0.099547 0.9883
0.125331 0.9888
0.125528 0.9894
0.126018 0.9899
0.126048 0.9904
0.138550 0.9910
0.140565 0.9915
0.142659 0.9920
0.143515 0.9926
0.153675 0.9931
0.155223 0.9936
0.165187 0.9942
0.165296 0.9947
0.166856 0.9952
0.166868 0.9958
0.167499 0.9963
0.167725 0.9968
0.168051 0.9973
0.168054 0.9979
0.168609 0.9984
0.170048 0.9989
7.085069 0.9995
7.481241 1.0000
