0 0.0
0.000000 0.0010
0.000009 0.0019
0.000010 0.0057
0.000011 0.0105
0.000012 0.0210
0.000013 0.0249
0.000014 0.0287
0.000015 0.0325
0.000016 0.0373
0.000017 0.0411
0.000018 0.0468
0.000019 0.0488
0.000020 0.0535
0.000021 0.0545
0.000022 0.0574
0.000023 0.0602
0.000024 0.0621
0.000025 0.0631
0.000026 0.0641
0.000029 0.0660
0.000030 0.0669
0.000034 0.0679
0.000037 0.0688
0.000089 0.0698
0.000091 0.0707
0.000092 0.0727
0.000093 0.0736
0.000094 0.0746
0.000096 0.0755
0.000100 0.0774
0.000106 0.0784
0.000107 0.0793
0.000109 0.0822
0.000110 0.0832
0.000111 0.0851
0.000112 0.0880
0.000113 0.0889
0.000114 0.0908
0.000115 0.0946
0.000116 0.0975
0.000117 0.1013
0.000118 0.1080
0.000119 0.1147
0.000120 0.1166
0.000121 0.1233
0.000122 0.1291
0.000123 0.1329
0.000124 0.1377
0.000125 0.1396
0.000126 0.1434
0.000127 0.1549
0.000128 0.1606
0.000129 0.1683
0.000130 0.1721
0.000131 0.1759
0.000132 0.1797
0.000133 0.1845
0.000134 0.1922
0.000135 0.1989
0.000136 0.2036
0.000137 0.2084
0.000138 0.2161
0.000139 0.2189
0.000140 0.2208
0.000141 0.2228
0.000142 0.2266
0.000143 0.2285
0.000144 0.2333
0.000145 0.2371
0.000148 0.2390
0.000149 0.2419
0.000150 0.2428
0.000151 0.2467
0.000152 0.2476
0.000153 0.2505
0.000154 0.2514
0.000157 0.2524
0.000158 0.2533
0.000159 0.2553
0.000160 0.2562
0.000163 0.2572
0.000165 0.2581
0.000166 0.2610
0.000167 0.2629
0.000175 0.2648
0.000178 0.2658
0.000180 0.2696
0.000185 0.2715
0.000186 0.2744
0.000187 0.2753
0.000189 0.2763
0.000191 0.2782
0.000193 0.2801
0.000195 0.2820
0.000196 0.2839
0.000197 0.2849
0.000198 0.2868
0.000200 0.2878
0.000201 0.2897
0.000203 0.2916
0.000205 0.2945
0.000206 0.2973
0.000207 0.2992
0.000208 0.3002
0.000209 0.3031
0.000210 0.3059
0.000211 0.3078
0.000212 0.3107
0.000213 0.3136
0.000214 0.3155
0.000215 0.3164
0.000216 0.3222
0.000217 0.3241
0.000218 0.3270
0.000219 0.3317
0.000220 0.3337
0.000221 0.3365
0.000222 0.3384
0.000223 0.3413
0.000224 0.3432
0.000225 0.3461
0.000226 0.3470
0.000227 0.3509
0.000228 0.3547
0.000229 0.3566
0.000230 0.3633
0.000231 0.3652
0.000232 0.3690
0.000233 0.3738
0.000234 0.3776
0.000235 0.3843
0.000236 0.3929
0.000237 0.4130
0.000238 0.4283
0.000239 0.4436
0.000240 0.4618
0.000241 0.4837
0.000242 0.5000
0.000243 0.5201
0.000244 0.5344
0.000245 0.5468
0.000246 0.5660
0.000247 0.5860
0.000248 0.5956
0.000249 0.6147
0.000250 0.6272
0.000251 0.6444
0.000252 0.6568
0.000253 0.6711
0.000254 0.6807
0.000255 0.6883
0.000256 0.6989
0.000257 0.7017
0.000258 0.7065
0.000259 0.7084
0.000260 0.7141
0.000261 0.7151
0.000265 0.7170
0.000266 0.7180
0.000267 0.7189
0.000268 0.7218
0.000269 0.7237
0.000270 0.7256
0.000271 0.7266
0.000273 0.7275
0.000274 0.7285
0.000275 0.7304
0.000276 0.7314
0.000277 0.7323
0.000278 0.7333
0.000279 0.7342
0.000285 0.7361
0.000291 0.7390
0.000292 0.7409
0.000295 0.7438
0.000296 0.7457
0.000297 0.7476
0.000298 0.7495
0.000300 0.7505
0.000301 0.7514
0.000302 0.7524
0.000303 0.7533
0.000304 0.7543
0.000305 0.7553
0.000306 0.7562
0.000307 0.7591
0.000308 0.7610
0.000309 0.7620
0.000311 0.7648
0.000312 0.7667
0.000313 0.7696
0.000314 0.7706
0.000315 0.7744
0.000316 0.7763
0.000317 0.7772
0.000318 0.7782
0.000319 0.7830
0.000320 0.7868
0.000321 0.7897
0.000322 0.7945
0.000323 0.7973
0.000324 0.8011
0.000325 0.8059
0.000326 0.8098
0.000327 0.8117
0.000328 0.8145
0.000329 0.8174
0.000330 0.8203
0.000331 0.8212
0.000332 0.8222
0.000333 0.8250
0.000334 0.8260
0.000336 0.8270
0.000337 0.8289
0.000338 0.8327
0.000339 0.8365
0.000341 0.8394
0.000342 0.8413
0.000344 0.8423
0.000345 0.8442
0.000346 0.8461
0.000347 0.8489
0.000349 0.8499
0.000350 0.8509
0.000351 0.8518
0.000352 0.8537
0.000353 0.8556
0.000354 0.8576
0.000355 0.8585
0.000356 0.8604
0.000357 0.8623
0.000358 0.8662
0.000360 0.8700
0.000361 0.8709
0.000363 0.8719
0.000384 0.8728
0.000410 0.8738
0.000504 0.8748
0.000554 0.8757
0.000703 0.8767
0.000798 0.8776
0.001113 0.8786
0.001136 0.8795
0.001175 0.8805
0.001255 0.8815
0.001391 0.8824
0.001627 0.8834
0.001759 0.8843
0.001958 0.8853
0.002886 0.8862
0.003100 0.8872
0.003183 0.8881
0.003258 0.8891
0.003322 0.8901
0.003558 0.8910
0.004348 0.8920
0.004435 0.8929
0.005273 0.8939
0.005895 0.8948
0.006156 0.8958
0.006262 0.8967
0.006596 0.8977
0.007029 0.8987
0.007040 0.8996
0.007477 0.9006
0.007947 0.9015
0.008439 0.9025
0.008638 0.9034
0.008851 0.9044
0.008880 0.9054
0.009345 0.9063
0.009483 0.9073
0.009537 0.9082
0.009754 0.9092
0.009840 0.9101
0.010027 0.9111
0.010039 0.9120
0.010119 0.9130
0.010402 0.9140
0.010472 0.9149
0.010695 0.9159
0.010812 0.9168
0.010983 0.9178
0.011102 0.9187
0.011479 0.9197
0.011492 0.9207
0.011751 0.9216
0.011965 0.9226
0.012095 0.9235
0.012624 0.9245
0.012709 0.9254
0.012778 0.9264
0.012824 0.9273
0.012874 0.9283
0.013000 0.9293
0.013253 0.9302
0.013644 0.9312
0.013707 0.9321
0.013805 0.9331
0.014185 0.9340
0.014297 0.9350
0.014448 0.9359
0.014617 0.9369
0.014640 0.9379
0.014734 0.9388
0.015810 0.9398
0.016554 0.9407
0.017867 0.9417
0.020407 0.9426
0.021185 0.9436
0.023298 0.9446
0.026712 0.9455
0.026812 0.9465
0.029777 0.9474
0.029790 0.9484
0.030121 0.9493
0.030523 0.9503
0.030948 0.9512
0.034371 0.9522
0.034433 0.9532
0.034467 0.9541
0.034885 0.9551
0.037328 0.9560
0.037902 0.9570
0.038547 0.9579
0.039155 0.9589
0.039276 0.9598
0.039527 0.9608
0.039590 0.9618
0.039885 0.9627
0.039904 0.9637
0.039911 0.9646
0.041108 0.9656
0.041409 0.9665
0.042611 0.9675
0.042639 0.9685
0.044832 0.9694
0.044909 0.9704
0.059453 0.9713
0.059893 0.9723
0.059929 0.9732
0.082935 0.9742
0.083477 0.9751
0.083532 0.9761
0.096524 0.9771
0.099563 0.9780
0.099567 0.9790
0.125539 0.9799
0.125576 0.9809
0.126069 0.9818
0.126080 0.9828
0.140604 0.9837
0.142710 0.9847
0.143582 0.9857
0.153719 0.9866
0.155254 0.9876
0.166909 0.9885
0.166915 0.9895
0.167538 0.9904
0.167766 0.9914
0.168077 0.9924
0.168083 0.9933
0.168648 0.9943
0.169007 0.9952
0.183566 0.9962
0.187063 0.9971
0.193424 0.9981
6.901532 0.9990
7.294209 1.0000
