0 0.0
0.000000 0.0003
0.020772 0.0005
0.021134 0.0008
0.024197 0.0011
0.024553 0.0013
0.024634 0.0016
0.024664 0.0018
0.025250 0.0021
0.025292 0.0024
0.025424 0.0026
0.025539 0.0029
0.025671 0.0032
0.025724 0.0034
0.025769 0.0037
0.025805 0.0040
0.025823 0.0042
0.025828 0.0045
0.025854 0.0048
0.025921 0.0050
0.025923 0.0053
0.025935 0.0055
0.025943 0.0058
0.025944 0.0061
0.025958 0.0063
0.025960 0.0066
0.025962 0.0069
0.025977 0.0071
0.025996 0.0074
0.026030 0.0079
0.026033 0.0082
0.026034 0.0085
0.026037 0.0087
0.026038 0.0090
0.026041 0.0092
0.026045 0.0098
0.026047 0.0103
0.026048 0.0108
0.026050 0.0111
0.026053 0.0116
0.026054 0.0124
0.026056 0.0129
0.026057 0.0132
0.026058 0.0137
0.026059 0.0143
0.026060 0.0148
0.026061 0.0151
0.026062 0.0161
0.026063 0.0166
0.026065 0.0169
0.026066 0.0174
0.026067 0.0182
0.026068 0.0185
0.026069 0.0188
0.026070 0.0190
0.026071 0.0193
0.026072 0.0198
0.026073 0.0201
0.026074 0.0211
0.026076 0.0214
0.026077 0.0232
0.026078 0.0235
0.026080 0.0248
0.026082 0.0256
0.026083 0.0262
0.026084 0.0264
0.026085 0.0269
0.026086 0.0283
0.026087 0.0293
0.026088 0.0304
0.026089 0.0314
0.026090 0.0320
0.026091 0.0341
0.026092 0.0343
0.026093 0.0354
0.026094 0.0373
0.026095 0.0388
0.026096 0.0402
0.026097 0.0415
0.026098 0.0428
0.026099 0.0449
0.026100 0.0468
0.026101 0.0481
0.026102 0.0510
0.026103 0.0526
0.026104 0.0552
0.026105 0.0571
0.026106 0.0605
0.026107 0.0631
0.026108 0.0671
0.026109 0.0724
0.026110 0.0753
0.026111 0.0790
0.026112 0.0824
0.026113 0.0872
0.026114 0.0925
0.026115 0.0972
0.026116 0.1028
0.026117 0.1094
0.026118 0.1170
0.026119 0.1260
0.026120 0.1345
0.026121 0.1421
0.026122 0.1490
0.026123 0.1590
0.026124 0.1651
0.026125 0.1725
0.026126 0.1812
0.026127 0.1908
0.026128 0.2005
0.026129 0.2169
0.026130 0.2309
0.026131 0.2468
0.026132 0.2587
0.026133 0.2719
0.026134 0.2896
0.026135 0.3044
0.026136 0.3229
0.026137 0.3429
0.026138 0.3683
0.026139 0.4000
0.026140 0.4341
0.026141 0.4600
0.026142 0.4877
0.026143 0.5067
0.026144 0.5276
0.026145 0.5456
0.026146 0.5604
0.026147 0.5778
0.026148 0.5960
0.026149 0.6153
0.026150 0.6272
0.026151 0.6457
0.026152 0.6637
0.026153 0.6764
0.026154 0.6882
0.026155 0.7017
0.026156 0.7155
0.026157 0.7313
0.026158 0.7450
0.026159 0.7625
0.026160 0.7791
0.026161 0.7913
0.026162 0.8048
0.026163 0.8164
0.026164 0.8254
0.026165 0.8343
0.026166 0.8446
0.026167 0.8518
0.026168 0.8616
0.026169 0.8695
0.026170 0.8798
0.026171 0.8864
0.026172 0.8943
0.026173 0.8996
0.026174 0.9025
0.026175 0.9089
0.026176 0.9123
0.026177 0.9165
0.026178 0.9218
0.026179 0.9260
0.026180 0.9297
0.026181 0.9342
0.026182 0.9355
0.026183 0.9384
0.026184 0.9400
0.026185 0.9427
0.026186 0.9443
0.026187 0.9458
0.026188 0.9480
0.026189 0.9487
0.026190 0.9509
0.026191 0.9524
0.026192 0.9535
0.026193 0.9548
0.026194 0.9564
0.026195 0.9585
0.026196 0.9598
0.026197 0.9606
0.026198 0.9625
0.026199 0.9630
0.026200 0.9643
0.026201 0.9654
0.026202 0.9664
0.026203 0.9686
0.026204 0.9704
0.026205 0.9720
0.026206 0.9733
0.026208 0.9744
0.026209 0.9746
0.026210 0.9760
0.026211 0.9762
0.026212 0.9773
0.026213 0.9781
0.026214 0.9791
0.026215 0.9804
0.026217 0.9807
0.026218 0.9812
0.026219 0.9815
0.026220 0.9820
0.026221 0.9823
0.026222 0.9828
0.026225 0.9836
0.026226 0.9844
0.026227 0.9855
0.026229 0.9860
0.026231 0.9863
0.026232 0.9873
0.026233 0.9878
0.026234 0.9881
0.026236 0.9884
0.026237 0.9886
0.026238 0.9892
0.026241 0.9897
0.026242 0.9900
0.026248 0.9902
0.026249 0.9908
0.026257 0.9910
0.026260 0.9913
0.026263 0.9915
0.026265 0.9921
0.026278 0.9923
0.026279 0.9926
0.026289 0.9929
0.026294 0.9931
0.026314 0.9934
0.026322 0.9937
0.026341 0.9939
0.026375 0.9942
0.026383 0.9945
0.026384 0.9947
0.026427 0.9950
0.026469 0.9952
0.026483 0.9955
0.026517 0.9958
0.026523 0.9960
0.026573 0.9963
0.026615 0.9966
0.026769 0.9968
0.026780 0.9971
0.027007 0.9974
0.027053 0.9976
0.027603 0.9979
0.027648 0.9982
0.027706 0.9984
0.028085 0.9987
0.031148 0.9989
0.031535 0.9992
0.042649 0.9995
0.042662 0.9997
0.042716 1.0000
